0.05447860962566845 0234
0.049019607843137254 0248
0.0464572192513369 0025
0.044674688057041 0105
0.04188948306595366 0526
0.034759358288770054 0152
0.0338680926916221 0006
0.03286541889483066 0390 0382
0.031751336898395724 0060
0.03019162210338681 0473
0.022615864527629235 0382 0723
0.021501782531194297 0181
0.021501782531194297 0442
0.021501782531194297 0548
0.019719251336898395 0067
0.018493761140819964 0359
0.017268270944741534 0258
0.01715686274509804 0193
0.01693404634581105 1163
0.016488413547237075 0122
0.01626559714795009 1259
0.01570855614973262 0084
0.014817290552584671 0874
0.014483065953654188 0338
0.014148841354723708 0422 0382
0.014037433155080214 0183
0.014037433155080214 0018
0.013703208556149732 0407 0225 0382
0.013146167557932263 0443
0.013146167557932263 0525
0.012811942959001782 0164 0436 0288
0.01270053475935829 0003
0.012589126559714794 0001
0.012254901960784314 0745
0.01214349376114082 0353
0.01214349376114082 0601
0.01214349376114082 0099
0.011697860962566845 0038 0382
0.011586452762923352 1201
0.011475044563279857 0458
0.011363636363636364 0137
0.011363636363636364 0026 0083
0.011140819964349376 0186
0.010806595365418895 0501
0.0106951871657754 0576
0.0106951871657754 1113
0.010583778966131907 0312
0.010472370766488414 0000
0.010472370766488414 0596
0.010472370766488414 0233
0.01036096256684492 0078
0.010138146167557932 0272