0.04596385049480658 0389
0.03361413265723399 0038 0105
0.03238733949456122 0397 0190
0.03197840844033696 0137
0.028952318639077452 0036
0.027970884108939234 0026
0.027970884108939234 0096
0.02731659442218042 0122
0.027153022000490717 0060
0.025599083994438537 0448 0317
0.02527193915105913 0188
0.02527193915105913 0067
0.02420871841007606 0447
0.023799787355851802 0031
0.021100842397971702 0082
0.020201194078678333 0473
0.01995583544614378 0038 0317
0.019301545759384968 0359
0.019301545759384968 0757
0.019219759548540116 0234
0.018565469861781304 0105 0190
0.0184018974400916 0282
0.01832011122924675 0092
0.017992966385867344 0253 0105
0.017175104277418828 0554
0.016929745644884274 0105 0390
0.01684795943403942 0764
0.015539380060521796 0576
0.015375807638832093 0034
0.01521223521714239 0487
0.014721517952073281 0294
0.014639731741228429 0276
0.014557945530383577 0253 0390
0.014067228265314468 0397 0105
0.013985442054469617 1044
0.013821869632779914 0559
0.01365829721109021 0390 0129
0.013412938578555656 0481
0.013331152367710803 0387 0084
0.0131675799460211 0547
0.013004007524331397 0038 0548
0.012922221313486547 0563 0317
0.012840435102641694 0390 0317
0.012840435102641694 0066 0038 0400
0.012676862680951992 0441 0105
0.012431504048417436 0497
0.012349717837572586 0108
0.012186145415882883 0028 0255
0.01202257299419318 0797
0.011940786783348327 0025 0105
0.011531855729124069 0537
0.011531855729124069 0028 0317
0.011450069518279218 0745
0.011286497096589515 1048
0.01104113846405496 0038 0441
0.01095935225321011 0716
0.010795779831520406 0007
0.010795779831520406 0509
0.010550421198985851 0105 0317
0.010386848777296148 0690
0.010305062566451296 0158
0.010059703933916742 0443