0.3660650079935408 0248
0.505809325535477 0298
0.6049497759978237 0458
0.855525757549259 0832
0.12027557479565587 0473
0.6722131169398722 0752
0.29060135647737084 0093
-0.3585698759561531 0118
0.2734214590744841 0338
0.5310741773724992 0045
0.855525757549259 0617
0.6001097790729055 0474
0.855525757549259 0942
0.8268279125324618 1263
0.5214761734449596 0755
0.505755754518912 0424
0.855525757549259 1835
0.2536035847859317 0194
-0.32189269352468486 0387
0.2472617685943952 1201
0.5987413893939895 0495
0.855525757549259 1836
0.2604761813438792 0284
0.855525757549259 0496
0.62792371288959 1083
0.855525757549259 1836 0496
0.6203777159161454 0655
0.3339937574785523 1832
0.3785181970168381 1832 0298
0.6168597062474603 0415
0.8555257575492625 0248 0832
0.3921812862858225 0011
0.71263827650343 0619
0.8264592085378304 0934
0.3901583858648081 0284 0298
0.19615872970832626 0245
0.855525757549259 1050
-1.1049231652225089 0390
0.1627293188121719 0117
-0.22659001815358693 0174
0.6669813971695611 1650
-0.3133671918338585 0425
0.40133034859653094 0355
-0.3637572204592736 0442
-0.007643088480186577 0501
0.37665765801806117 0473 0248
0.005405144579267329 0180
0.19002584956977842 1119
0.24063847079680656 1789
0.23500252307703562 0830
-0.11636374411199668 0487
-0.10015783978509418 0416
-0.4128995768131105 0563
-0.3024365649009191 0748
-1.6987057120396045 0038
-1.1378737150294782 0152
-1.7527149537363265 0374
-2.4539027207937885 0105