0.3384902650541015 0006
-0.2290838531073831 0390
0.3327740478417667 0374
0.8361091605577613 0098
0.8361091605577613 0138
0.022500184511514476 0118
0.7648091315156726 0027
0.8361091605577613 0150
0.8361091605577613 0299
-0.4457151382422815 0067
0.8361091605577613 0326
0.8361091605577613 0326 0006
0.47919131099442325 0797
-0.7034870708389604 0025
0.8361091605577613 0973
0.8361091605577649 0118 0098
0.5939758689662469 0021
0.8361091605577613 0032
0.04068793507177304 0031
0.264588408501087 0233
0.8361091605577613 0880
0.3088689924599137 0205
-0.07880215433965887 0149
0.8361091605577649 0085
0.5141708110997101 0043
-0.01271391954518819 0425
-0.6048715515568084 0088
0.8361091605577613 0594
0.6747982497538239 0237
0.6862920222712319 1010
0.7919879104907608 1076
0.7132272858991833 0881
0.6343479675029435 0532
0.699202454351532 0478
0.8361091605577613 0811
0.23030301073521997 0211
0.8361091605577613 0042
0.1992463279805392 0007
0.3719571798478256 0051
0.6307588749256858 0851
0.8361091605577649 1525
0.7706189976364328 0985
-0.037865720104761635 0276
-0.007229263965989219 0559
0.2075243325675622 0187
-0.7644333180572644 0026
0.3630639036859016 0767
0.23435825657656295 0435
-0.7821299947340705 0387
-0.48949803374265244 0122
-0.7897843269501301 0093
-1.0466559581085306 0234
-0.2650977379920292 0453
-0.6667375092869747 0003
-0.35198675148607705 0838
-1.545036532044893 0060
-0.18938810097476733 1044
-1.6029267301774155 0105
-0.8781899638277224 0390 0382
-1.3797274579809482 0298
-0.604514591987229 0174
-0.7155206373856586 0194
-0.7004752420818008 0627
-1.2056028576854843 0441
-1.9891006896874686 0382