0.6537179465959859 0382
0.6980779837965265 0225
0.8699910127969908 0723
-0.05605842305184794 0390
0.41414738375864957 0234
0.8209612374891719 0288
0.7315153435261053 0083
0.6179461497177385 0526
0.8699910127969872 0407
-0.5378849349472503 0038
0.8061935495625647 0164
0.2986423893335335 0026
0.4560755473824045 0152
0.35183332306674586 0390 0382
0.8699910127969908 0407 0225
0.8699910127969908 0422
0.8699910127969908 0436
0.8699910127969908 0382 0723
-0.6758721664058172 0025
-0.9029329776154995 0248
0.8699910127969908 0225 0382
0.8699910127969908 0407 0382
-0.9688354039201563 0105
-0.4396403133386748 0473
0.8699910127969908 0164 0436
0.06776157705722241 0442
0.7061870900854927 1259
0.4968918809807512 1163
0.8699910127969908 0874
0.3638678511235973 0193
-0.12010008657054172 0548
0.8699910127969908 0422 0382
0.27726613027665437 0258
0.8699910127969872 0436 0288
0.8699910127969872 0407 0225 0382
0.03411448253997307 0359
0.8699910127969908 0164 0288
0.8699910127969908 0164 0436 0288
0.864375317242434 0001
0.42041791134439066 0183
0.8699910127969908 0038 0382
0.6276438143175582 0099
0.7512429744885587 0026 0083
0.7752508976691175 0186
0.8699910127969908 1113
0.24543532587276573 0443
0.8106712807449554 0312
0.39829026685735514 0601
-1.3029853234113737 0006
0.3224159341974797 0353
0.660981017227023 0596
0.09883138086682663 0525
-0.34436029332208307 0122
-1.335299936621933 0060
0.11345221141539241 0745
-0.9107440615424096 0181
0.10385027756844423 0078
0.02132644286588814 0272
-0.7008485154002138 0338
-0.22922433514374418 0576
-0.2691082041857378 0501
-0.650642065323396 1201
-0.7943821046911559 0003
-1.405544648812139 0067
-0.5491959756592024 0000
-0.7179652848687113 0233
-0.8660597218052395 0137
-1.3583238786515395 0018
-1.6114151711049303 0084
-1.727468931698116 0458