0.4057843552474303 0060
0.17375432656461243 0025
0.05930765240540836 0067
0.728925966376849 0418
0.6114869411220702 0479
0.41162864898907614 0018
0.2733256591240796 0181
0.6037799509609734 0481
0.7289259663768455 0323
0.14898916793733363 0088
0.5060826498787137 0177
0.5941015215526342 0362
0.6276210238390867 0439
-0.7860065257886895 0006
0.7289259663768455 0116
0.1799476659426027 0003
0.7289259663768455 1261
0.43916820559265446 0134
0.7289259663768455 0330
0.6337907750447904 0376
0.6519454092315442 0987
0.19601555331839648 0627
-0.5805848977595929 0397
0.728925966376849 0678
0.7289259663768455 0626
0.7289259663768455 0967
0.3355011816147666 0325
-0.2231561115384615 0149
0.7289259663768455 0827
0.10936629208471871 0000
-0.1161752668865752 0174
-0.7752086333373462 0374
-0.5892438875656225 0066
0.7289259663768455 0323 0439
0.728925966376849 0625
0.6770503079202506 0590
0.7289259663768455 0524
0.7289259663768455 1029
0.5231306444317774 0104
0.4306436978236583 0909
0.48192223265642653 0040
-0.0014141827393920892 0838
0.05973857260409687 0543
0.552016935089398 0621
0.7184234399220273 0591
0.7089985758427098 0018 0479
0.5202900422509522 0067 0060
0.535679087326649 0829
0.7289259663768455 0544
0.29729419747101815 0250
-0.06395512916506263 0453
0.7289259663768455 0686
0.22325992669390615 0661
0.3366662340935065 1183
-0.9366976379539302 0234
0.2702308039707688 0244
-0.0585004571862946 0748
0.7289259663768455 0115
0.7289259663768455 2042
0.7289259663768455 0678 0967
-0.04838497538479203 0488
0.04331446516540183 0067 0025
0.40036807423258836 0500
-0.5021320173534569 0036
0.4504433647157846 0025 0060
0.3376290743325683 0721
-0.0394064431232799 0339
0.2612340368463393 0573
0.05024817105377366 0946
0.2837134462831976 0025 0181
-0.05403822242140066 0191
-0.22544390414243765 0416
-1.2797355693359158 0190
-0.33198418220083425 0180
-0.42151710976764534 0525
-0.5248830498233019 0117
-0.572490211018053 0245
-0.8721990162291355 0122
-1.8314306854851878 0390
-2.4756964701393933 0248