0.601815281698844 0317
0.21551533695051006 0105
0.04341178536015988 0038
0.37836413293474536 0190
0.37398998709843667 0084
-0.2820785453962493 0390
0.6018152816988476 0448
0.11088077456247447 0397
0.601815281698844 0253
0.6018152816988476 0389
0.36929568469120966 0028
0.11545245186584907 0066
0.286507275010905 0441
-0.1070447709742588 0387
0.5942517221651755 0400
0.4576393525320803 0397 0190
0.3300420907972317 0038 0105
0.1806879564462207 0137
0.3695139817354338 0096
0.601815281698844 0448 0317
-0.8002206509689991 0025
0.06747100714304821 0036
0.21510794975102243 0188
0.31193661339413836 0447
0.1880371292562657 0129
0.5601247422626301 0082
-0.06196114356137272 0122
0.6018152816988476 0038 0317
0.6018152816988476 0066 0400
0.6018152816988476 0066 0038
-0.21639161557788356 0548
0.6007022732802731 0105 0190
0.5681770212309054 0092
0.6018152816988476 0253 0105
0.3206301926714765 0282
0.5269795799979349 0764
0.12540838415285904 0757
-0.05214149281920655 0563
-0.3666613930200775 0031
0.2897808915530149 0105 0390
0.24986549337140573 0554
-0.6591726501292214 0026
0.601815281698844 0253 0390
0.4830139015734396 0294
0.6018152816988476 0397 0105
0.3018195515790829 0034
0.5957306846283963 0038 0400
0.6018152816988476 0387 0084
0.6018152816988476 0563 0317
0.6018152816988476 0390 0317
0.6018152816988476 0066 0038 0400
0.601815281698844 0497
0.44568807667371146 0547
0.31913718483039233 0255
-0.3501336765295058 0359
0.4949844367834757 0441 0105
0.257040316817168 0390 0129
0.5050196318418472 0028 0255
0.601815281698844 0028 0317
-0.1361830046183492 0576
0.31986968500150326 0108
0.601815281698844 0105 0317
0.08779295464781356 0038 0548
0.4544634519503781 0038 0441
-0.254485814747742 0487
0.1618129559239776 0025 0105
-0.17015625917718324 1044
-0.29289952755912196 0276
0.28346908921515634 0509
0.37397494592269354 0690
0.17484411882846373 1048
-0.3207463686778844 0559
0.010496063558196767 0537
-1.3572976842216349 0067
-0.11940345269810848 0716
-1.0808066206486053 0473
-0.0341468350671974 0158
-0.4304762622486962 0745
-1.3196853705242333 0234
-1.7505341241691355 0060
-0.5429058794109203 0007
-0.586544995234231 0443
-0.991716652870803 0797
-1.5105990204536113 0481