0.11900065746219593 0006
0.08097742713127329 0390
0.05774709620863467 0374
0.054240631163708086 0118
0.050186280955511725 0067
0.045584045584045586 0025
0.04262546570238878 0098
0.040105193951347796 0138
0.035064650449265836 0027
0.03232522463291694 0150
0.02925706771860618 0299
0.0267367959675652 0060
0.026298487836949377 0088
0.02618891080429542 0105
0.02487398641244795 0797
0.024545255314486085 0326
0.023559062020600482 0031
0.023449484987946526 0149
0.022244137628753012 0326 0006
0.0210387902695595 0233
0.020929213236905546 0382
0.020381328073635765 0298
0.020381328073635765 0425
0.020052596975673898 0234
0.020052596975673898 0973
0.019943019943019943 0205
0.01972386587771203 0118 0098
0.019395134779750165 0026
0.018847249616480384 0021
0.018080210387902695 0387
0.017313171159325007 0032
0.016984440061363137 0880
0.01687486302870918 0093
0.01643655489809336 0043
0.015559938636861713 0085
0.014573745342976112 0003
0.0143545912776682 0122
0.0143545912776682 0211
0.014245014245014245 0390 0382
0.013477975016436555 0007
0.013149243918474688 0237
0.013039666885820733 0276
0.012930089853166776 1010
0.01282051282051282 0559
0.012601358755204909 0532
0.012491781722550954 0594
0.012491781722550954 0881
0.012491781722550954 1076
0.012272627657243042 0051
0.012272627657243042 0478
0.011724742493973263 0453
0.011724742493973263 0811
0.011615165461319308 0194
0.011615165461319308 0838
0.011176857330703484 0042
0.011176857330703484 0187
0.011067280298049528 0441
0.010957703265395573 0174
0.010848126232741617 0851
0.010300241069471838 0435
0.010300241069471838 0767
0.010300241069471838 1044
0.010190664036817882 0985
0.010190664036817882 0627
0.010081087004163927 1525