0.11850288760550866 0248
0.07430031097290093 0298
0.0579742336739227 0458
0.04464682363394047 0473
0.04109284762327854 0118
0.035206574855619725 0093
0.033762772101288314 0832
0.03154153709462461 0752
0.030764104842292316 0390
0.029320302087960905 0387
0.02854286983562861 0338
0.02476677032430031 0045
0.02365615282096846 0474
0.023545091070635273 0038
0.02243447356730342 0194
0.022101288316303865 0617
0.021990226565970678 0755
0.021657041314971124 1201
0.02076854731230564 0424
0.020213238560639717 0942
0.020213238560639717 1263
0.019102621057307864 0284
0.01843625055530875 1835
0.017436694802310086 0495
0.016881386050644157 0174
0.016326077298978232 0425
0.016103953798311862 1832
0.015992892047978675 0442
0.01565970679697912 1836
0.01565970679697912 1832 0298
0.01521545979564638 0496
0.015104398045313194 0245
0.014660151043980453 0011
0.014660151043980453 1083
0.014438027543314082 0655
0.014215904042647711 0415
0.014104842292314526 0284 0298
0.013882718791648157 0117
0.013438471790315416 0105
0.013438471790315416 1836 0496
0.012994224788982675 0619
0.012994224788982675 0501
0.012994224788982675 0248 0832
0.012549977787649933 0180
0.012327854286983563 0487
0.012105730786317192 0934
0.011772545535317636 0563
0.011550422034651266 0416
0.011550422034651266 0152
0.011328298533984895 0374
0.011328298533984895 1050
0.011328298533984895 1650
0.01121723678365171 1119
0.01121723678365171 0355
0.010884051532652154 1789
0.01077298978231897 0830
0.01077298978231897 0473 0248
0.010328742780986229 0748