0.12384226105222955 0060
0.09767974792323117 0025
0.08173398262198033 0067
0.06263725771030268 0006
0.057003723861357776 0181
0.05585792036665712 0018
0.055666953117540344 0418
0.0535663133772558 0479
0.05089277188962093 0088
0.04974696839492027 0481
0.04659600878449346 0323
0.03886183519526401 0177
0.03322830134631911 0397
0.03265539959896878 0362
0.03170056335338489 0439
0.03074572710780101 0374
0.030077341735892296 0003
0.026735414876348708 0066
0.025780578630764824 0116
0.02492122600973933 0234
0.024348324262389 0149
0.02396638976415545 0134
0.023107037143129953 0190
0.022916069894013177 1261
0.021770266399312517 0627
0.02119736465196219 0174
0.019287692160794425 0000
0.01909672491167765 0325
0.01881027403800248 0376
0.018714790413444093 0330
0.018237372290652153 0390
0.018237372290652153 0987
0.017378019669626658 0678
0.016996085171393106 0838
0.016900601546834718 0626
0.01680511792227633 0967
0.01670963429771794 0036
0.016423183424042778 0543
0.015468347178458894 0453
0.015277379929342118 0827
0.014418027308316624 0248
0.014227060059199848 0748
0.014227060059199848 0909
0.013940609185524682 0040
0.013940609185524682 0323 0439
0.013845125560966294 0488
0.013845125560966294 0590
0.013845125560966294 0625
0.013845125560966294 0104
0.013176740189057576 0524
0.013176740189057576 0621
0.013176740189057576 0067 0025
0.013081256564499188 0661
0.013081256564499188 0250
0.0129857729399408 1029
0.012699322066265636 0067 0060
0.012317387568032082 0339
0.012317387568032082 0591
0.012317387568032082 0416
0.012317387568032082 0829
0.012221903943473694 0244
0.012221903943473694 1183
0.012221903943473694 0018 0479
0.011553518571564976 0180
0.011553518571564976 0946
0.011458034947006588 0544
0.011458034947006588 0191
0.010885133199656259 0686
0.01078964957509787 0500
0.01078964957509787 0122
0.010694165950539482 0525
0.010598682325981094 0573
0.010598682325981094 0721
0.01031223145230593 0245
0.01031223145230593 0025 0181
0.01021674782774754 0025 0060
0.010025780578630765 0115
0.010025780578630765 0117
0.010025780578630765 2042
0.010025780578630765 0678 0967